#CAEN board channel #layer in 8-stack #board channel  #row  #column
0   7   1   1   0
1   7   2   1   1
2   7   3   1   2
3   7   4   1   3
4   7   5   0   3
5   7   6   0   2
6   7   7   0   1
7   7   8   0   0
8   6   1   1   0
9   6   2   1   1
10  6   3   1   2
11  6   4   1   3
12  6   5   0   3
13  6   6   0   2
14  6   7   0   1
15  6   8   0   0
16  5   1   1   0
17  5   2   1   1
18  5   3   1   2
19  5   4   1   3
20  5   5   0   3
21  5   6   0   2
22  5   7   0   1
23  5   8   0   0
24  4   1   1   0
25  4   2   1   1
26  4   3   1   2
27  4   4   1   3
28  4   5   0   3
29  4   6   0   2
30  4   7   0   1
31  4   8   0   0
32  3   1   1   0
33  3   2   1   1
34  3   3   1   2
35  3   4   1   3
36  3   5   0   3
37  3   6   0   2
38  3   7   0   1
39  3   8   0   0
40  2   1   1   0
41  2   2   1   1
42  2   3   1   2
43  2   4   1   3
44  2   5   0   3
45  2   6   0   2
46  2   7   0   1
47  2   8   0   0
48  1   1   1   0
49  1   2   1   1
50  1   3   1   2
51  1   4   1   3
52  1   5   0   3
53  1   6   0   2
54  1   7   0   1
55  1   8   0   0
56  0   1   1   0
57  0   2   1   1
58  0   3   1   2
59  0   4   1   3
60  0   5   0   3
61  0   6   0   2
62  0   7   0   1
63  0   8   0   0
